# z      t_rms    u_rms
0.000006 0.000004 0.000046
0.000024 0.000017 0.000181
0.000054 0.000038 0.000400
0.000096 0.000067 0.000692
0.000150 0.000105 0.001044
0.000216 0.000151 0.001440
0.000294 0.000206 0.001864
0.000384 0.000269 0.002297
0.000486 0.000340 0.002721
0.000600 0.000419 0.003122
0.000726 0.000505 0.003484
0.000864 0.000599 0.003797
0.001015 0.000700 0.004052
0.001177 0.000807 0.004247
0.001351 0.000920 0.004382
0.001537 0.001037 0.004460
0.001734 0.001158 0.004489
0.001944 0.001281 0.004480
0.002166 0.001408 0.004444
0.002400 0.001536 0.004393
0.002646 0.001665 0.004339
0.002904 0.001795 0.004289
0.003173 0.001925 0.004248
0.003455 0.002055 0.004220
0.003749 0.002184 0.004203
0.004054 0.002313 0.004195
0.004371 0.002440 0.004192
0.004701 0.002566 0.004193
0.005042 0.002690 0.004195
0.005395 0.002812 0.004196
0.005760 0.002931 0.004196
0.006137 0.003048 0.004196
0.006525 0.003163 0.004195
0.006926 0.003275 0.004193
0.007338 0.003384 0.004191
0.007763 0.003490 0.004189
0.008199 0.003593 0.004186
0.008646 0.003693 0.004184
0.009106 0.003790 0.004181
0.009578 0.003884 0.004179
0.010061 0.003975 0.004176
0.010556 0.004063 0.004173
0.011062 0.004148 0.004170
0.011581 0.004231 0.004167
0.012111 0.004311 0.004164
0.012653 0.004388 0.004161
0.013207 0.004463 0.004157
0.013772 0.004536 0.004153
0.014349 0.004606 0.004150
0.014938 0.004674 0.004146
0.015538 0.004741 0.004142
0.016150 0.004805 0.004137
0.016774 0.004868 0.004133
0.017409 0.004929 0.004129
0.018056 0.004988 0.004124
0.018714 0.005046 0.004119
0.019384 0.005103 0.004114
0.020066 0.005158 0.004109
0.020759 0.005212 0.004104
0.021463 0.005266 0.004099
0.022179 0.005318 0.004093
0.022907 0.005369 0.004088
0.023646 0.005419 0.004082
0.024396 0.005468 0.004076
0.025158 0.005517 0.004070
0.025931 0.005565 0.004064
0.026716 0.005612 0.004058
0.027512 0.005659 0.004052
0.028319 0.005705 0.004045
0.029138 0.005750 0.004038
0.029968 0.005795 0.004032
0.030809 0.005839 0.004025
0.031662 0.005883 0.004017
0.032525 0.005926 0.004010
0.033400 0.005968 0.004003
0.034287 0.006010 0.003995
0.035184 0.006052 0.003988
0.036093 0.006093 0.003980
0.037012 0.006134 0.003972
0.037943 0.006174 0.003964
0.038885 0.006213 0.003955
0.039838 0.006252 0.003947
0.040802 0.006290 0.003938
0.041777 0.006328 0.003930
0.042763 0.006366 0.003921
0.043760 0.006402 0.003912
0.044768 0.006439 0.003903
0.045787 0.006474 0.003893
0.046817 0.006509 0.003884
0.047858 0.006544 0.003874
0.048910 0.006578 0.003865
0.049972 0.006611 0.003855
0.051046 0.006643 0.003845
0.052130 0.006675 0.003835
0.053224 0.006707 0.003824
0.054330 0.006737 0.003814
0.055446 0.006767 0.003803
0.056573 0.006797 0.003792
0.057711 0.006825 0.003781
0.058859 0.006853 0.003770
0.060018 0.006881 0.003759
0.061187 0.006907 0.003748
0.062367 0.006933 0.003736
0.063558 0.006959 0.003725
0.064758 0.006983 0.003713
0.065970 0.007007 0.003701
0.067192 0.007030 0.003689
0.068424 0.007052 0.003677
0.069666 0.007074 0.003665
0.070919 0.007095 0.003652
0.072183 0.007115 0.003640
0.073456 0.007135 0.003627
0.074740 0.007154 0.003614
0.076034 0.007172 0.003601
0.077338 0.007189 0.003588
0.078652 0.007206 0.003575
0.079976 0.007222 0.003561
0.081311 0.007237 0.003548
0.082656 0.007252 0.003534
0.084010 0.007266 0.003521
0.085375 0.007279 0.003507
0.086749 0.007291 0.003493
0.088134 0.007303 0.003479
0.089528 0.007315 0.003465
0.090932 0.007325 0.003450
0.092346 0.007335 0.003436
0.093770 0.007344 0.003421
0.095204 0.007353 0.003407
0.096647 0.007361 0.003392
0.098100 0.007368 0.003377
0.099563 0.007375 0.003362
0.101035 0.007381 0.003347
0.102517 0.007387 0.003332
0.104008 0.007392 0.003317
0.105509 0.007397 0.003301
0.107019 0.007401 0.003286
0.108539 0.007404 0.003270
0.110068 0.007407 0.003255
0.111607 0.007409 0.003239
0.113155 0.007411 0.003223
0.114712 0.007412 0.003207
0.116279 0.007413 0.003191
0.117854 0.007413 0.003175
0.119439 0.007413 0.003159
0.121033 0.007412 0.003143
0.122636 0.007411 0.003126
0.124248 0.007409 0.003110
0.125870 0.007408 0.003093
0.127500 0.007405 0.003077
0.129139 0.007402 0.003060
0.130787 0.007399 0.003043
0.132444 0.007395 0.003027
0.134110 0.007391 0.003010
0.135784 0.007387 0.002993
0.137467 0.007382 0.002976
0.139159 0.007377 0.002959
0.140860 0.007372 0.002942
0.142569 0.007366 0.002925
0.144287 0.007360 0.002907
0.146014 0.007354 0.002890
0.147749 0.007347 0.002873
0.149492 0.007340 0.002855
0.151244 0.007333 0.002838
0.153004 0.007326 0.002820
0.154772 0.007318 0.002803
0.156549 0.007310 0.002785
0.158334 0.007302 0.002768
0.160128 0.007293 0.002750
0.161929 0.007285 0.002732
0.163739 0.007276 0.002715
0.165556 0.007267 0.002697
0.167382 0.007258 0.002679
0.169215 0.007248 0.002661
0.171057 0.007239 0.002643
0.172906 0.007229 0.002625
0.174764 0.007219 0.002607
0.176629 0.007209 0.002589
0.178502 0.007199 0.002571
0.180383 0.007188 0.002553
0.182271 0.007178 0.002535
0.184167 0.007167 0.002517
0.186070 0.007157 0.002499
0.187981 0.007146 0.002481
0.189900 0.007135 0.002463
0.191826 0.007124 0.002444
0.193760 0.007113 0.002426
0.195700 0.007101 0.002408
0.197648 0.007090 0.002390
0.199604 0.007079 0.002372
0.201566 0.007068 0.002353
0.203536 0.007056 0.002335
0.205513 0.007045 0.002317
0.207497 0.007033 0.002298
0.209488 0.007021 0.002280
0.211486 0.007010 0.002262
0.213491 0.006998 0.002243
0.215502 0.006986 0.002225
0.217521 0.006975 0.002206
0.219546 0.006963 0.002188
0.221578 0.006951 0.002170
0.223617 0.006940 0.002151
0.225663 0.006928 0.002133
0.227715 0.006916 0.002114
0.229773 0.006904 0.002096
0.231838 0.006893 0.002078
0.233910 0.006881 0.002059
0.235988 0.006869 0.002041
0.238072 0.006858 0.002022
0.240163 0.006846 0.002004
0.242259 0.006834 0.001985
0.244362 0.006823 0.001967
0.246471 0.006811 0.001949
0.248587 0.006800 0.001930
0.250708 0.006788 0.001912
0.252835 0.006777 0.001893
0.254968 0.006765 0.001875
0.257107 0.006754 0.001857
0.259252 0.006743 0.001838
0.261403 0.006731 0.001820
0.263559 0.006720 0.001801
0.265721 0.006709 0.001783
0.267889 0.006698 0.001765
0.270062 0.006687 0.001746
0.272241 0.006676 0.001728
0.274425 0.006665 0.001709
0.276615 0.006654 0.001691
0.278810 0.006644 0.001673
0.281010 0.006633 0.001654
0.283216 0.006622 0.001636
0.285427 0.006612 0.001618
0.287643 0.006602 0.001599
0.289864 0.006591 0.001581
0.292090 0.006581 0.001563
0.294321 0.006571 0.001545
0.296557 0.006561 0.001526
0.298798 0.006551 0.001508
0.301044 0.006541 0.001490
0.303294 0.006531 0.001472
0.305550 0.006521 0.001453
0.307810 0.006511 0.001435
0.310074 0.006502 0.001417
0.312343 0.006492 0.001399
0.314617 0.006483 0.001381
0.316895 0.006474 0.001363
0.319178 0.006465 0.001344
0.321464 0.006456 0.001326
0.323756 0.006447 0.001308
0.326051 0.006438 0.001290
0.328350 0.006429 0.001272
0.330654 0.006420 0.001254
0.332962 0.006412 0.001236
0.335274 0.006403 0.001218
0.337589 0.006395 0.001200
0.339909 0.006387 0.001182
0.342232 0.006379 0.001164
0.344560 0.006371 0.001146
0.346891 0.006363 0.001128
0.349225 0.006355 0.001110
0.351563 0.006347 0.001092
0.353905 0.006339 0.001074
0.356251 0.006332 0.001056
0.358599 0.006325 0.001038
0.360952 0.006317 0.001020
0.363307 0.006310 0.001003
0.365666 0.006303 0.000985
0.368028 0.006296 0.000967
0.370393 0.006289 0.000949
0.372762 0.006283 0.000931
0.375133 0.006276 0.000914
0.377507 0.006270 0.000896
0.379885 0.006263 0.000878
0.382265 0.006257 0.000860
0.384648 0.006251 0.000843
0.387034 0.006245 0.000825
0.389422 0.006239 0.000807
0.391813 0.006234 0.000790
0.394207 0.006228 0.000772
0.396604 0.006222 0.000754
0.399002 0.006217 0.000737
0.401404 0.006212 0.000719
0.403807 0.006207 0.000702
0.406213 0.006202 0.000684
0.408621 0.006197 0.000667
0.411032 0.006192 0.000649
0.413444 0.006187 0.000632
0.415859 0.006183 0.000614
0.418275 0.006178 0.000597
0.420694 0.006174 0.000579
0.423114 0.006170 0.000562
0.425537 0.006166 0.000545
0.427961 0.006162 0.000527
0.430386 0.006158 0.000510
0.432814 0.006155 0.000493
0.435243 0.006151 0.000475
0.437674 0.006148 0.000458
0.440106 0.006144 0.000441
0.442540 0.006141 0.000424
0.444975 0.006138 0.000407
0.447411 0.006135 0.000390
0.449848 0.006133 0.000373
0.452287 0.006130 0.000356
0.454727 0.006127 0.000339
0.457168 0.006125 0.000323
0.459610 0.006123 0.000306
0.462053 0.006121 0.000290
0.464497 0.006119 0.000273
0.466942 0.006117 0.000257
0.469387 0.006115 0.000241
0.471834 0.006114 0.000225
0.474281 0.006112 0.000210
0.476728 0.006111 0.000195
0.479176 0.006110 0.000180
0.481625 0.006109 0.000166
0.484074 0.006108 0.000153
0.486524 0.006107 0.000140
0.488973 0.006106 0.000129
0.491424 0.006106 0.000120
0.493874 0.006105 0.000112
0.496324 0.006105 0.000106
0.498775 0.006105 0.000104
0.501225 0.006105 0.000104
0.503676 0.006105 0.000107
0.506126 0.006105 0.000113
0.508576 0.006106 0.000121
0.511027 0.006106 0.000131
0.513476 0.006107 0.000142
0.515926 0.006108 0.000155
0.518375 0.006108 0.000168
0.520824 0.006109 0.000183
0.523272 0.006111 0.000197
0.525719 0.006112 0.000212
0.528166 0.006113 0.000228
0.530613 0.006115 0.000244
0.533058 0.006117 0.000260
0.535503 0.006119 0.000276
0.537947 0.006120 0.000292
0.540390 0.006123 0.000309
0.542832 0.006125 0.000325
0.545273 0.006127 0.000342
0.547713 0.006130 0.000359
0.550152 0.006132 0.000376
0.552589 0.006135 0.000393
0.555025 0.006138 0.000410
0.557460 0.006141 0.000427
0.559894 0.006144 0.000444
0.562326 0.006147 0.000461
0.564757 0.006151 0.000478
0.567186 0.006154 0.000495
0.569614 0.006158 0.000513
0.572039 0.006161 0.000530
0.574463 0.006165 0.000547
0.576886 0.006169 0.000565
0.579306 0.006173 0.000582
0.581725 0.006178 0.000599
0.584141 0.006182 0.000617
0.586556 0.006187 0.000634
0.588968 0.006191 0.000652
0.591379 0.006196 0.000669
0.593787 0.006201 0.000687
0.596193 0.006206 0.000704
0.598596 0.006211 0.000722
0.600998 0.006216 0.000739
0.603396 0.006222 0.000757
0.605793 0.006227 0.000775
0.608187 0.006233 0.000792
0.610578 0.006238 0.000810
0.612966 0.006244 0.000828
0.615352 0.006250 0.000845
0.617735 0.006256 0.000863
0.620115 0.006263 0.000881
0.622493 0.006269 0.000898
0.624867 0.006275 0.000916
0.627238 0.006282 0.000934
0.629607 0.006288 0.000952
0.631972 0.006295 0.000969
0.634334 0.006302 0.000987
0.636693 0.006309 0.001005
0.639048 0.006316 0.001023
0.641401 0.006324 0.001041
0.643749 0.006331 0.001059
0.646095 0.006338 0.001077
0.648437 0.006346 0.001094
0.650775 0.006354 0.001112
0.653109 0.006361 0.001130
0.655440 0.006369 0.001148
0.657768 0.006377 0.001166
0.660091 0.006385 0.001184
0.662411 0.006394 0.001202
0.664726 0.006402 0.001220
0.667038 0.006410 0.001238
0.669346 0.006419 0.001256
0.671650 0.006428 0.001274
0.673949 0.006436 0.001292
0.676244 0.006445 0.001310
0.678536 0.006454 0.001329
0.680822 0.006463 0.001347
0.683105 0.006472 0.001365
0.685383 0.006482 0.001383
0.687657 0.006491 0.001401
0.689926 0.006500 0.001419
0.692190 0.006510 0.001437
0.694450 0.006519 0.001456
0.696706 0.006529 0.001474
0.698956 0.006539 0.001492
0.701202 0.006549 0.001510
0.703443 0.006559 0.001528
0.705679 0.006569 0.001547
0.707910 0.006579 0.001565
0.710136 0.006589 0.001583
0.712357 0.006600 0.001601
0.714573 0.006610 0.001620
0.716784 0.006621 0.001638
0.718990 0.006631 0.001656
0.721190 0.006642 0.001675
0.723385 0.006652 0.001693
0.725575 0.006663 0.001711
0.727759 0.006674 0.001730
0.729938 0.006685 0.001748
0.732111 0.006696 0.001766
0.734279 0.006707 0.001785
0.736441 0.006718 0.001803
0.738597 0.006729 0.001821
0.740748 0.006740 0.001840
0.742893 0.006752 0.001858
0.745032 0.006763 0.001877
0.747165 0.006774 0.001895
0.749292 0.006786 0.001913
0.751413 0.006797 0.001932
0.753529 0.006809 0.001950
0.755638 0.006820 0.001969
0.757741 0.006832 0.001987
0.759837 0.006843 0.002005
0.761928 0.006855 0.002024
0.764012 0.006867 0.002042
0.766090 0.006878 0.002061
0.768162 0.006890 0.002079
0.770227 0.006902 0.002097
0.772285 0.006913 0.002116
0.774337 0.006925 0.002134
0.776383 0.006937 0.002153
0.778422 0.006948 0.002171
0.780454 0.006960 0.002189
0.782479 0.006972 0.002208
0.784498 0.006984 0.002226
0.786509 0.006995 0.002244
0.788514 0.007007 0.002263
0.790512 0.007018 0.002281
0.792503 0.007030 0.002299
0.794487 0.007041 0.002318
0.796464 0.007053 0.002336
0.798434 0.007064 0.002354
0.800396 0.007076 0.002372
0.802352 0.007087 0.002391
0.804300 0.007098 0.002409
0.806240 0.007109 0.002427
0.808174 0.007120 0.002445
0.810100 0.007131 0.002464
0.812019 0.007142 0.002482
0.813930 0.007153 0.002500
0.815833 0.007164 0.002518
0.817729 0.007174 0.002536
0.819617 0.007185 0.002554
0.821498 0.007195 0.002572
0.823371 0.007205 0.002590
0.825236 0.007215 0.002608
0.827094 0.007225 0.002626
0.828943 0.007235 0.002644
0.830785 0.007244 0.002662
0.832618 0.007253 0.002679
0.834444 0.007263 0.002697
0.836261 0.007272 0.002715
0.838071 0.007280 0.002733
0.839872 0.007289 0.002750
0.841666 0.007297 0.002768
0.843451 0.007305 0.002786
0.845228 0.007313 0.002803
0.846996 0.007321 0.002821
0.848756 0.007328 0.002838
0.850508 0.007335 0.002855
0.852251 0.007342 0.002873
0.853986 0.007349 0.002890
0.855713 0.007355 0.002907
0.857431 0.007361 0.002925
0.859140 0.007367 0.002942
0.860841 0.007372 0.002959
0.862533 0.007377 0.002976
0.864216 0.007382 0.002993
0.865890 0.007386 0.003010
0.867556 0.007390 0.003026
0.869213 0.007393 0.003043
0.870861 0.007396 0.003060
0.872500 0.007399 0.003076
0.874130 0.007401 0.003093
0.875752 0.007403 0.003109
0.877364 0.007405 0.003126
0.878967 0.007406 0.003142
0.880561 0.007406 0.003158
0.882146 0.007406 0.003174
0.883721 0.007406 0.003190
0.885288 0.007405 0.003206
0.886845 0.007404 0.003222
0.888393 0.007402 0.003238
0.889932 0.007400 0.003254
0.891461 0.007397 0.003269
0.892981 0.007393 0.003285
0.894491 0.007389 0.003300
0.895992 0.007385 0.003316
0.897483 0.007379 0.003331
0.898965 0.007374 0.003346
0.900437 0.007367 0.003361
0.901900 0.007360 0.003376
0.903353 0.007353 0.003391
0.904796 0.007345 0.003406
0.906230 0.007336 0.003420
0.907654 0.007326 0.003435
0.909068 0.007316 0.003449
0.910472 0.007306 0.003463
0.911866 0.007294 0.003477
0.913251 0.007282 0.003491
0.914625 0.007270 0.003505
0.915990 0.007256 0.003519
0.917344 0.007242 0.003533
0.918689 0.007227 0.003546
0.920024 0.007212 0.003560
0.921348 0.007196 0.003573
0.922662 0.007179 0.003586
0.923966 0.007161 0.003599
0.925260 0.007143 0.003612
0.926544 0.007124 0.003625
0.927817 0.007104 0.003638
0.929081 0.007084 0.003650
0.930334 0.007063 0.003663
0.931576 0.007041 0.003675
0.932808 0.007019 0.003687
0.934030 0.006995 0.003699
0.935242 0.006971 0.003711
0.936442 0.006947 0.003723
0.937633 0.006921 0.003734
0.938813 0.006895 0.003746
0.939982 0.006868 0.003757
0.941141 0.006841 0.003768
0.942289 0.006813 0.003779
0.943427 0.006784 0.003790
0.944554 0.006755 0.003801
0.945670 0.006724 0.003811
0.946776 0.006694 0.003822
0.947870 0.006662 0.003832
0.948954 0.006630 0.003842
0.950028 0.006597 0.003852
0.951090 0.006564 0.003862
0.952142 0.006530 0.003872
0.953183 0.006495 0.003881
0.954213 0.006460 0.003891
0.955232 0.006424 0.003900
0.956240 0.006388 0.003909
0.957237 0.006351 0.003918
0.958223 0.006314 0.003927
0.959198 0.006275 0.003936
0.960162 0.006237 0.003944
0.961115 0.006198 0.003952
0.962057 0.006158 0.003961
0.962988 0.006118 0.003969
0.963907 0.006077 0.003977
0.964816 0.006036 0.003984
0.965713 0.005994 0.003992
0.966600 0.005952 0.004000
0.967475 0.005910 0.004007
0.968338 0.005866 0.004014
0.969191 0.005822 0.004021
0.970032 0.005778 0.004028
0.970862 0.005733 0.004035
0.971681 0.005688 0.004042
0.972488 0.005642 0.004048
0.973284 0.005595 0.004055
0.974069 0.005548 0.004061
0.974842 0.005500 0.004067
0.975604 0.005451 0.004073
0.976354 0.005401 0.004079
0.977093 0.005351 0.004084
0.977821 0.005299 0.004090
0.978537 0.005247 0.004095
0.979241 0.005194 0.004101
0.979934 0.005139 0.004106
0.980616 0.005084 0.004111
0.981286 0.005027 0.004116
0.981944 0.004969 0.004120
0.982591 0.004909 0.004125
0.983226 0.004848 0.004129
0.983850 0.004785 0.004134
0.984462 0.004721 0.004138
0.985062 0.004654 0.004142
0.985651 0.004586 0.004146
0.986228 0.004515 0.004149
0.986793 0.004442 0.004153
0.987347 0.004367 0.004157
0.987889 0.004290 0.004160
0.988419 0.004210 0.004163
0.988938 0.004127 0.004166
0.989444 0.004042 0.004169
0.989939 0.003953 0.004172
0.990422 0.003862 0.004175
0.990894 0.003769 0.004177
0.991354 0.003672 0.004180
0.991801 0.003572 0.004182
0.992237 0.003469 0.004184
0.992662 0.003363 0.004187
0.993074 0.003255 0.004189
0.993475 0.003143 0.004190
0.993863 0.003029 0.004192
0.994240 0.002912 0.004192
0.994605 0.002793 0.004192
0.994958 0.002671 0.004190
0.995299 0.002548 0.004189
0.995629 0.002423 0.004188
0.995946 0.002296 0.004190
0.996251 0.002168 0.004199
0.996545 0.002039 0.004216
0.996827 0.001910 0.004244
0.997096 0.001781 0.004284
0.997354 0.001652 0.004334
0.997600 0.001524 0.004389
0.997834 0.001396 0.004439
0.998056 0.001271 0.004475
0.998266 0.001148 0.004484
0.998463 0.001028 0.004455
0.998649 0.000912 0.004377
0.998823 0.000800 0.004243
0.998985 0.000694 0.004048
0.999136 0.000594 0.003793
0.999274 0.000501 0.003481
0.999400 0.000415 0.003119
0.999514 0.000337 0.002719
0.999616 0.000266 0.002294
0.999706 0.000204 0.001862
0.999784 0.000150 0.001439
0.999850 0.000104 0.001043
0.999904 0.000067 0.000691
0.999946 0.000037 0.000400
0.999976 0.000017 0.000181
0.999994 0.000004 0.000046
