# z      t_rms    u_rms
0.000035 0.000342 0.006010
0.000106 0.001041 0.017036
0.000180 0.001766 0.027269
0.000257 0.002518 0.036679
0.000337 0.003296 0.045250
0.000420 0.004099 0.052981
0.000505 0.004925 0.059880
0.000593 0.005773 0.065967
0.000684 0.006639 0.071267
0.000777 0.007522 0.075815
0.000874 0.008417 0.079652
0.000973 0.009323 0.082820
0.001075 0.010234 0.085370
0.001180 0.011147 0.087354
0.001288 0.012058 0.088828
0.001398 0.012963 0.089849
0.001511 0.013858 0.090476
0.001627 0.014739 0.090769
0.001746 0.015601 0.090785
0.001867 0.016442 0.090581
0.001992 0.017258 0.090210
0.002119 0.018045 0.089721
0.002249 0.018803 0.089158
0.002381 0.019527 0.088559
0.002517 0.020217 0.087954
0.002655 0.020872 0.087369
0.002796 0.021490 0.086822
0.002940 0.022071 0.086326
0.003086 0.022615 0.085887
0.003236 0.023122 0.085507
0.003388 0.023594 0.085186
0.003543 0.024030 0.084918
0.003700 0.024433 0.084699
0.003861 0.024803 0.084521
0.004024 0.025143 0.084376
0.004190 0.025454 0.084259
0.004359 0.025737 0.084162
0.004530 0.025995 0.084079
0.004704 0.026230 0.084006
0.004881 0.026442 0.083939
0.005061 0.026634 0.083875
0.005244 0.026808 0.083812
0.005429 0.026966 0.083747
0.005617 0.027108 0.083681
0.005808 0.027236 0.083613
0.006002 0.027352 0.083542
0.006198 0.027457 0.083470
0.006397 0.027551 0.083395
0.006599 0.027637 0.083318
0.006804 0.027715 0.083240
0.007011 0.027786 0.083162
0.007221 0.027850 0.083082
0.007434 0.027908 0.083003
0.007650 0.027962 0.082923
0.007868 0.028010 0.082843
0.008090 0.028055 0.082763
0.008314 0.028096 0.082684
0.008540 0.028133 0.082605
0.008770 0.028168 0.082527
0.009002 0.028200 0.082449
0.009237 0.028229 0.082372
0.009474 0.028256 0.082296
0.009715 0.028280 0.082221
0.009958 0.028303 0.082146
0.010204 0.028323 0.082072
0.010452 0.028342 0.081998
0.010704 0.028359 0.081926
0.010958 0.028374 0.081854
0.011215 0.028387 0.081783
0.011474 0.028399 0.081712
0.011737 0.028410 0.081643
0.012002 0.028418 0.081574
0.012269 0.028426 0.081506
0.012540 0.028432 0.081439
0.012813 0.028436 0.081372
0.013089 0.028439 0.081306
0.013367 0.028441 0.081241
0.013649 0.028442 0.081177
0.013933 0.028441 0.081113
0.014220 0.028439 0.081050
0.014509 0.028435 0.080987
0.014801 0.028430 0.080925
0.015096 0.028424 0.080864
0.015394 0.028417 0.080803
0.015694 0.028409 0.080743
0.015997 0.028399 0.080683
0.016303 0.028388 0.080624
0.016611 0.028376 0.080565
0.016923 0.028362 0.080507
0.017236 0.028348 0.080450
0.017553 0.028332 0.080392
0.017872 0.028316 0.080335
0.018194 0.028298 0.080279
0.018519 0.028279 0.080222
0.018846 0.028260 0.080166
0.019176 0.028239 0.080111
0.019509 0.028217 0.080055
0.019844 0.028194 0.080000
0.020182 0.028170 0.079946
0.020523 0.028146 0.079891
0.020866 0.028120 0.079837
0.021213 0.028094 0.079782
0.021561 0.028066 0.079728
0.021913 0.028038 0.079675
0.022267 0.028009 0.079621
0.022624 0.027980 0.079567
0.022983 0.027949 0.079514
0.023345 0.027918 0.079460
0.023710 0.027886 0.079407
0.024078 0.027854 0.079354
0.024448 0.027821 0.079301
0.024820 0.027787 0.079248
0.025196 0.027753 0.079196
0.025574 0.027719 0.079143
0.025955 0.027684 0.079091
0.026338 0.027648 0.079039
0.026724 0.027613 0.078987
0.027113 0.027577 0.078935
0.027504 0.027540 0.078884
0.027898 0.027503 0.078832
0.028295 0.027466 0.078781
0.028694 0.027429 0.078730
0.029096 0.027391 0.078679
0.029500 0.027354 0.078628
0.029907 0.027316 0.078578
0.030317 0.027278 0.078527
0.030729 0.027239 0.078477
0.031144 0.027201 0.078427
0.031562 0.027163 0.078377
0.031982 0.027124 0.078327
0.032405 0.027085 0.078278
0.032830 0.027047 0.078228
0.033258 0.027008 0.078179
0.033689 0.026969 0.078130
0.034122 0.026930 0.078081
0.034558 0.026891 0.078032
0.034997 0.026853 0.077984
0.035438 0.026814 0.077935
0.035882 0.026775 0.077886
0.036328 0.026736 0.077838
0.036777 0.026697 0.077790
0.037228 0.026658 0.077742
0.037682 0.026618 0.077694
0.038139 0.026579 0.077646
0.038598 0.026540 0.077599
0.039060 0.026501 0.077552
0.039524 0.026462 0.077505
0.039991 0.026423 0.077458
0.040461 0.026383 0.077411
0.040933 0.026344 0.077365
0.041407 0.026305 0.077319
0.041884 0.026266 0.077273
0.042364 0.026227 0.077228
0.042847 0.026189 0.077182
0.043331 0.026150 0.077137
0.043819 0.026112 0.077092
0.044309 0.026074 0.077047
0.044801 0.026036 0.077003
0.045296 0.025998 0.076958
0.045794 0.025960 0.076914
0.046294 0.025922 0.076869
0.046797 0.025885 0.076825
0.047302 0.025847 0.076782
0.047810 0.025810 0.076738
0.048320 0.025772 0.076694
0.048833 0.025734 0.076651
0.049348 0.025697 0.076608
0.049866 0.025659 0.076564
0.050386 0.025621 0.076521
0.050909 0.025583 0.076478
0.051434 0.025545 0.076436
0.051962 0.025507 0.076393
0.052493 0.025470 0.076350
0.053026 0.025432 0.076308
0.053561 0.025394 0.076265
0.054099 0.025356 0.076223
0.054639 0.025318 0.076180
0.055182 0.025280 0.076138
0.055727 0.025242 0.076096
0.056275 0.025205 0.076053
0.056825 0.025167 0.076011
0.057378 0.025129 0.075969
0.057933 0.025092 0.075927
0.058491 0.025054 0.075885
0.059051 0.025017 0.075843
0.059614 0.024980 0.075801
0.060179 0.024943 0.075759
0.060747 0.024906 0.075718
0.061317 0.024869 0.075677
0.061889 0.024833 0.075635
0.062464 0.024796 0.075594
0.063041 0.024760 0.075553
0.063621 0.024724 0.075512
0.064203 0.024689 0.075472
0.064788 0.024653 0.075431
0.065375 0.024618 0.075390
0.065965 0.024583 0.075350
0.066557 0.024548 0.075310
0.067151 0.024513 0.075270
0.067748 0.024479 0.075230
0.068347 0.024444 0.075190
0.068949 0.024410 0.075150
0.069553 0.024376 0.075110
0.070159 0.024342 0.075071
0.070768 0.024308 0.075031
0.071379 0.024275 0.074992
0.071993 0.024241 0.074952
0.072609 0.024208 0.074913
0.073227 0.024175 0.074873
0.073848 0.024142 0.074834
0.074471 0.024110 0.074794
0.075097 0.024077 0.074755
0.075725 0.024044 0.074716
0.076355 0.024012 0.074677
0.076988 0.023979 0.074638
0.077623 0.023946 0.074600
0.078260 0.023914 0.074562
0.078900 0.023881 0.074524
0.079542 0.023849 0.074486
0.080187 0.023817 0.074448
0.080833 0.023784 0.074410
0.081483 0.023752 0.074373
0.082134 0.023720 0.074336
0.082788 0.023688 0.074299
0.083444 0.023656 0.074263
0.084102 0.023625 0.074226
0.084763 0.023594 0.074190
0.085426 0.023563 0.074154
0.086092 0.023532 0.074119
0.086760 0.023501 0.074083
0.087430 0.023471 0.074047
0.088102 0.023441 0.074012
0.088777 0.023411 0.073976
0.089454 0.023382 0.073940
0.090133 0.023352 0.073904
0.090814 0.023323 0.073868
0.091498 0.023294 0.073832
0.092184 0.023265 0.073796
0.092873 0.023236 0.073760
0.093564 0.023207 0.073724
0.094256 0.023179 0.073689
0.094952 0.023150 0.073653
0.095649 0.023122 0.073618
0.096349 0.023093 0.073583
0.097051 0.023065 0.073547
0.097755 0.023036 0.073513
0.098462 0.023008 0.073478
0.099170 0.022980 0.073444
0.099881 0.022951 0.073409
0.100595 0.022923 0.073375
0.101310 0.022895 0.073341
0.102028 0.022867 0.073308
0.102748 0.022839 0.073274
0.103470 0.022811 0.073241
0.104194 0.022784 0.073207
0.104921 0.022756 0.073174
0.105649 0.022729 0.073141
0.106380 0.022702 0.073108
0.107113 0.022675 0.073074
0.107849 0.022648 0.073041
0.108586 0.022621 0.073008
0.109326 0.022595 0.072975
0.110068 0.022569 0.072942
0.110812 0.022542 0.072909
0.111558 0.022517 0.072876
0.112307 0.022491 0.072844
0.113057 0.022466 0.072811
0.113810 0.022441 0.072778
0.114565 0.022416 0.072745
0.115322 0.022391 0.072713
0.116081 0.022366 0.072680
0.116843 0.022342 0.072647
0.117606 0.022317 0.072614
0.118372 0.022293 0.072581
0.119140 0.022269 0.072548
0.119909 0.022245 0.072515
0.120681 0.022221 0.072482
0.121456 0.022197 0.072449
0.122232 0.022174 0.072417
0.123010 0.022150 0.072385
0.123791 0.022127 0.072353
0.124573 0.022104 0.072322
0.125358 0.022081 0.072291
0.126145 0.022058 0.072260
0.126934 0.022035 0.072229
0.127725 0.022013 0.072198
0.128518 0.021990 0.072168
0.129313 0.021968 0.072138
0.130110 0.021946 0.072107
0.130909 0.021924 0.072077
0.131710 0.021903 0.072047
0.132514 0.021882 0.072018
0.133319 0.021861 0.071988
0.134127 0.021840 0.071959
0.134936 0.021819 0.071930
0.135748 0.021799 0.071901
0.136561 0.021779 0.071872
0.137377 0.021759 0.071843
0.138195 0.021739 0.071814
0.139014 0.021720 0.071785
0.139836 0.021700 0.071755
0.140660 0.021681 0.071726
0.141485 0.021662 0.071697
0.142313 0.021643 0.071668
0.143143 0.021624 0.071639
0.143975 0.021606 0.071611
0.144808 0.021587 0.071583
0.145644 0.021569 0.071555
0.146482 0.021550 0.071527
0.147321 0.021532 0.071498
0.148163 0.021514 0.071470
0.149006 0.021495 0.071442
0.149852 0.021477 0.071413
0.150699 0.021459 0.071385
0.151549 0.021441 0.071356
0.152400 0.021423 0.071327
0.153253 0.021406 0.071299
0.154109 0.021388 0.071270
0.154966 0.021370 0.071241
0.155825 0.021353 0.071213
0.156686 0.021336 0.071185
0.157549 0.021319 0.071156
0.158414 0.021302 0.071128
0.159281 0.021285 0.071100
0.160149 0.021268 0.071072
0.161020 0.021252 0.071044
0.161893 0.021236 0.071017
0.162767 0.021220 0.070989
0.163643 0.021205 0.070963
0.164521 0.021189 0.070936
0.165401 0.021173 0.070910
0.166283 0.021158 0.070885
0.167167 0.021142 0.070859
0.168053 0.021127 0.070835
0.168940 0.021112 0.070810
0.169829 0.021097 0.070785
0.170720 0.021082 0.070761
0.171613 0.021067 0.070736
0.172508 0.021052 0.070711
0.173405 0.021037 0.070686
0.174303 0.021022 0.070661
0.175204 0.021008 0.070636
0.176106 0.020993 0.070611
0.177010 0.020978 0.070586
0.177916 0.020963 0.070560
0.178823 0.020949 0.070535
0.179732 0.020934 0.070509
0.180644 0.020919 0.070484
0.181556 0.020905 0.070459
0.182471 0.020890 0.070434
0.183388 0.020876 0.070410
0.184306 0.020861 0.070385
0.185226 0.020847 0.070361
0.186148 0.020833 0.070336
0.187071 0.020819 0.070312
0.187996 0.020806 0.070288
0.188923 0.020792 0.070263
0.189852 0.020779 0.070239
0.190783 0.020765 0.070215
0.191715 0.020752 0.070190
0.192649 0.020739 0.070166
0.193584 0.020726 0.070141
0.194522 0.020714 0.070116
0.195461 0.020701 0.070091
0.196401 0.020689 0.070066
0.197344 0.020676 0.070042
0.198288 0.020664 0.070017
0.199234 0.020652 0.069993
0.200181 0.020639 0.069969
0.201131 0.020627 0.069945
0.202081 0.020615 0.069921
0.203034 0.020602 0.069898
0.203988 0.020590 0.069874
0.204944 0.020577 0.069850
0.205901 0.020564 0.069827
0.206861 0.020551 0.069803
0.207821 0.020538 0.069779
0.208784 0.020524 0.069755
0.209748 0.020510 0.069731
0.210713 0.020496 0.069706
0.211681 0.020482 0.069682
0.212650 0.020468 0.069658
0.213620 0.020454 0.069634
0.214592 0.020439 0.069611
0.215566 0.020425 0.069588
0.216541 0.020411 0.069565
0.217518 0.020397 0.069543
0.218496 0.020383 0.069521
0.219476 0.020370 0.069499
0.220458 0.020356 0.069478
0.221441 0.020343 0.069457
0.222426 0.020330 0.069436
0.223412 0.020318 0.069416
0.224400 0.020305 0.069395
0.225389 0.020293 0.069374
0.226380 0.020281 0.069353
0.227372 0.020269 0.069332
0.228366 0.020257 0.069311
0.229362 0.020245 0.069289
0.230359 0.020233 0.069268
0.231357 0.020220 0.069247
0.232357 0.020208 0.069225
0.233358 0.020196 0.069204
0.234361 0.020184 0.069183
0.235366 0.020172 0.069162
0.236372 0.020160 0.069141
0.237379 0.020148 0.069120
0.238388 0.020136 0.069098
0.239398 0.020124 0.069077
0.240410 0.020112 0.069056
0.241423 0.020099 0.069035
0.242438 0.020087 0.069014
0.243454 0.020075 0.068994
0.244471 0.020063 0.068974
0.245490 0.020051 0.068954
0.246511 0.020039 0.068934
0.247533 0.020027 0.068915
0.248556 0.020014 0.068896
0.249580 0.020002 0.068877
0.250606 0.019990 0.068858
0.251634 0.019979 0.068839
0.252663 0.019967 0.068821
0.253693 0.019955 0.068802
0.254724 0.019944 0.068784
0.255757 0.019932 0.068765
0.256791 0.019921 0.068747
0.257827 0.019910 0.068728
0.258864 0.019899 0.068710
0.259902 0.019888 0.068692
0.260942 0.019878 0.068674
0.261983 0.019867 0.068656
0.263025 0.019857 0.068637
0.264069 0.019847 0.068619
0.265114 0.019837 0.068600
0.266160 0.019827 0.068582
0.267208 0.019817 0.068564
0.268257 0.019807 0.068545
0.269307 0.019797 0.068527
0.270359 0.019787 0.068509
0.271411 0.019777 0.068491
0.272465 0.019768 0.068473
0.273521 0.019758 0.068455
0.274577 0.019749 0.068438
0.275635 0.019739 0.068420
0.276694 0.019729 0.068402
0.277755 0.019720 0.068383
0.278816 0.019710 0.068365
0.279879 0.019700 0.068347
0.280943 0.019691 0.068328
0.282008 0.019681 0.068311
0.283075 0.019672 0.068293
0.284143 0.019663 0.068277
0.285212 0.019653 0.068261
0.286282 0.019644 0.068245
0.287353 0.019635 0.068229
0.288426 0.019627 0.068213
0.289499 0.019618 0.068197
0.290574 0.019609 0.068181
0.291650 0.019601 0.068165
0.292727 0.019593 0.068149
0.293806 0.019584 0.068133
0.294885 0.019576 0.068117
0.295966 0.019568 0.068101
0.297048 0.019559 0.068084
0.298131 0.019551 0.068068
0.299215 0.019542 0.068051
0.300300 0.019534 0.068035
0.301386 0.019525 0.068019
0.302474 0.019517 0.068003
0.303562 0.019508 0.067988
0.304652 0.019500 0.067973
0.305742 0.019492 0.067958
0.306834 0.019484 0.067943
0.307927 0.019476 0.067928
0.309021 0.019469 0.067913
0.310116 0.019462 0.067899
0.311212 0.019455 0.067885
0.312309 0.019448 0.067871
0.313407 0.019441 0.067858
0.314506 0.019434 0.067844
0.315607 0.019427 0.067831
0.316708 0.019420 0.067817
0.317810 0.019412 0.067803
0.318914 0.019405 0.067790
0.320018 0.019398 0.067776
0.321123 0.019390 0.067763
0.322230 0.019383 0.067749
0.323337 0.019376 0.067735
0.324445 0.019369 0.067721
0.325555 0.019361 0.067706
0.326665 0.019354 0.067691
0.327776 0.019347 0.067676
0.328888 0.019340 0.067661
0.330001 0.019333 0.067647
0.331116 0.019326 0.067632
0.332231 0.019318 0.067618
0.333347 0.019311 0.067605
0.334464 0.019303 0.067592
0.335581 0.019296 0.067579
0.336700 0.019288 0.067566
0.337820 0.019280 0.067554
0.338940 0.019273 0.067541
0.340062 0.019265 0.067528
0.341184 0.019258 0.067516
0.342308 0.019250 0.067504
0.343432 0.019242 0.067492
0.344557 0.019235 0.067480
0.345683 0.019227 0.067468
0.346809 0.019219 0.067455
0.347937 0.019211 0.067443
0.349065 0.019203 0.067430
0.350195 0.019196 0.067418
0.351325 0.019188 0.067406
0.352456 0.019180 0.067393
0.353588 0.019173 0.067381
0.354720 0.019165 0.067368
0.355854 0.019158 0.067356
0.356988 0.019151 0.067344
0.358123 0.019143 0.067332
0.359259 0.019136 0.067321
0.360395 0.019128 0.067310
0.361533 0.019120 0.067299
0.362671 0.019113 0.067288
0.363810 0.019105 0.067277
0.364950 0.019097 0.067266
0.366090 0.019089 0.067254
0.367231 0.019082 0.067243
0.368373 0.019074 0.067232
0.369516 0.019067 0.067222
0.370659 0.019059 0.067211
0.371803 0.019052 0.067201
0.372948 0.019044 0.067192
0.374094 0.019037 0.067182
0.375240 0.019030 0.067173
0.376387 0.019023 0.067163
0.377535 0.019016 0.067154
0.378683 0.019009 0.067144
0.379832 0.019002 0.067135
0.380982 0.018996 0.067125
0.382132 0.018990 0.067115
0.383283 0.018984 0.067105
0.384434 0.018978 0.067095
0.385587 0.018972 0.067086
0.386740 0.018967 0.067076
0.387893 0.018962 0.067066
0.389047 0.018957 0.067056
0.390202 0.018952 0.067045
0.391358 0.018947 0.067035
0.392514 0.018942 0.067025
0.393670 0.018937 0.067015
0.394828 0.018932 0.067005
0.395985 0.018927 0.066996
0.397144 0.018921 0.066986
0.398303 0.018916 0.066976
0.399462 0.018911 0.066966
0.400622 0.018906 0.066957
0.401783 0.018901 0.066947
0.402944 0.018896 0.066937
0.404106 0.018891 0.066928
0.405268 0.018886 0.066919
0.406431 0.018881 0.066909
0.407595 0.018876 0.066900
0.408758 0.018871 0.066891
0.409923 0.018866 0.066883
0.411088 0.018861 0.066874
0.412253 0.018855 0.066867
0.413419 0.018850 0.066859
0.414585 0.018845 0.066851
0.415752 0.018840 0.066843
0.416919 0.018834 0.066835
0.418087 0.018829 0.066827
0.419255 0.018824 0.066820
0.420424 0.018819 0.066813
0.421593 0.018814 0.066806
0.422763 0.018808 0.066800
0.423933 0.018803 0.066794
0.425103 0.018797 0.066788
0.426274 0.018792 0.066781
0.427445 0.018786 0.066775
0.428617 0.018780 0.066768
0.429789 0.018775 0.066762
0.430961 0.018770 0.066756
0.432134 0.018764 0.066750
0.433307 0.018759 0.066744
0.434481 0.018754 0.066739
0.435655 0.018749 0.066734
0.436829 0.018744 0.066729
0.438003 0.018739 0.066724
0.439178 0.018734 0.066719
0.440354 0.018729 0.066714
0.441529 0.018723 0.066708
0.442705 0.018718 0.066703
0.443882 0.018712 0.066698
0.445058 0.018707 0.066693
0.446235 0.018701 0.066689
0.447413 0.018695 0.066685
0.448590 0.018690 0.066680
0.449768 0.018684 0.066676
0.450946 0.018678 0.066671
0.452124 0.018671 0.066666
0.453303 0.018665 0.066660
0.454482 0.018659 0.066655
0.455661 0.018653 0.066650
0.456840 0.018647 0.066645
0.458020 0.018641 0.066640
0.459200 0.018636 0.066635
0.460380 0.018630 0.066630
0.461560 0.018625 0.066626
0.462741 0.018619 0.066621
0.463922 0.018614 0.066617
0.465103 0.018609 0.066612
0.466284 0.018603 0.066608
0.467465 0.018598 0.066603
0.468647 0.018593 0.066599
0.469828 0.018588 0.066594
0.471010 0.018583 0.066590
0.472192 0.018578 0.066585
0.473374 0.018573 0.066580
0.474557 0.018569 0.066576
0.475739 0.018564 0.066571
0.476922 0.018560 0.066567
0.478104 0.018556 0.066563
0.479287 0.018552 0.066560
0.480470 0.018548 0.066557
0.481653 0.018545 0.066555
0.482836 0.018542 0.066553
0.484020 0.018539 0.066551
0.485203 0.018536 0.066550
0.486387 0.018533 0.066549
0.487570 0.018530 0.066547
0.488754 0.018528 0.066545
0.489937 0.018526 0.066542
0.491121 0.018524 0.066539
0.492305 0.018523 0.066536
0.493489 0.018521 0.066534
0.494672 0.018520 0.066531
0.495856 0.018519 0.066529
0.497040 0.018518 0.066527
0.498224 0.018517 0.066526
0.499408 0.018516 0.066525
0.500592 0.018515 0.066523
0.501776 0.018514 0.066522
0.502960 0.018513 0.066521
0.504144 0.018512 0.066520
0.505328 0.018511 0.066520
0.506511 0.018510 0.066520
0.507695 0.018509 0.066520
0.508879 0.018509 0.066520
0.510063 0.018509 0.066521
0.511246 0.018508 0.066522
0.512430 0.018508 0.066523
0.513613 0.018508 0.066524
0.514797 0.018508 0.066525
0.515980 0.018508 0.066527
0.517164 0.018507 0.066528
0.518347 0.018507 0.066530
0.519530 0.018507 0.066531
0.520713 0.018507 0.066532
0.521896 0.018506 0.066534
0.523078 0.018506 0.066535
0.524261 0.018506 0.066537
0.525443 0.018506 0.066539
0.526626 0.018506 0.066542
0.527808 0.018507 0.066545
0.528990 0.018507 0.066548
0.530172 0.018508 0.066552
0.531353 0.018508 0.066554
0.532535 0.018509 0.066557
0.533716 0.018509 0.066559
0.534897 0.018510 0.066561
0.536078 0.018511 0.066563
0.537259 0.018511 0.066564
0.538440 0.018512 0.066566
0.539620 0.018513 0.066567
0.540800 0.018513 0.066569
0.541980 0.018514 0.066571
0.543160 0.018515 0.066573
0.544339 0.018516 0.066576
0.545518 0.018518 0.066578
0.546697 0.018519 0.066581
0.547876 0.018521 0.066584
0.549054 0.018523 0.066587
0.550232 0.018525 0.066590
0.551410 0.018527 0.066593
0.552587 0.018528 0.066596
0.553765 0.018530 0.066599
0.554942 0.018532 0.066602
0.556118 0.018534 0.066604
0.557295 0.018535 0.066607
0.558471 0.018537 0.066610
0.559646 0.018539 0.066613
0.560822 0.018540 0.066618
0.561997 0.018542 0.066622
0.563171 0.018544 0.066628
0.564345 0.018546 0.066633
0.565519 0.018548 0.066638
0.566693 0.018550 0.066643
0.567866 0.018553 0.066648
0.569039 0.018555 0.066652
0.570211 0.018557 0.066657
0.571383 0.018560 0.066661
0.572555 0.018562 0.066666
0.573726 0.018565 0.066670
0.574897 0.018568 0.066675
0.576067 0.018571 0.066680
0.577237 0.018574 0.066686
0.578407 0.018577 0.066692
0.579576 0.018580 0.066698
0.580745 0.018584 0.066704
0.581913 0.018588 0.066710
0.583081 0.018591 0.066717
0.584248 0.018595 0.066724
0.585415 0.018599 0.066730
0.586581 0.018604 0.066737
0.587747 0.018608 0.066744
0.588912 0.018612 0.066751
0.590077 0.018616 0.066758
0.591242 0.018620 0.066764
0.592405 0.018624 0.066770
0.593569 0.018628 0.066777
0.594732 0.018632 0.066782
0.595894 0.018636 0.066788
0.597056 0.018640 0.066794
0.598217 0.018644 0.066799
0.599378 0.018648 0.066805
0.600538 0.018652 0.066811
0.601697 0.018657 0.066818
0.602856 0.018661 0.066825
0.604015 0.018665 0.066832
0.605172 0.018669 0.066839
0.606330 0.018674 0.066847
0.607486 0.018678 0.066856
0.608642 0.018682 0.066865
0.609798 0.018686 0.066875
0.610953 0.018690 0.066885
0.612107 0.018694 0.066894
0.613260 0.018698 0.066903
0.614413 0.018703 0.066912
0.615566 0.018707 0.066921
0.616717 0.018711 0.066930
0.617868 0.018716 0.066939
0.619018 0.018720 0.066948
0.620168 0.018724 0.066958
0.621317 0.018729 0.066968
0.622465 0.018733 0.066979
0.623613 0.018737 0.066990
0.624760 0.018741 0.067002
0.625906 0.018745 0.067013
0.627052 0.018749 0.067024
0.628197 0.018753 0.067035
0.629341 0.018757 0.067046
0.630484 0.018760 0.067057
0.631627 0.018764 0.067067
0.632769 0.018768 0.067077
0.633910 0.018772 0.067087
0.635050 0.018776 0.067097
0.636190 0.018780 0.067107
0.637329 0.018784 0.067117
0.638467 0.018789 0.067129
0.639605 0.018793 0.067140
0.640741 0.018798 0.067152
0.641877 0.018802 0.067164
0.643012 0.018807 0.067176
0.644146 0.018812 0.067188
0.645280 0.018818 0.067199
0.646412 0.018823 0.067210
0.647544 0.018829 0.067221
0.648675 0.018835 0.067232
0.649805 0.018842 0.067242
0.650935 0.018849 0.067253
0.652063 0.018855 0.067264
0.653191 0.018863 0.067274
0.654317 0.018870 0.067284
0.655443 0.018877 0.067295
0.656568 0.018884 0.067306
0.657692 0.018892 0.067318
0.658816 0.018899 0.067330
0.659938 0.018906 0.067342
0.661060 0.018913 0.067355
0.662180 0.018921 0.067367
0.663300 0.018928 0.067379
0.664419 0.018934 0.067391
0.665536 0.018941 0.067403
0.666653 0.018948 0.067414
0.667769 0.018954 0.067426
0.668884 0.018961 0.067439
0.669999 0.018967 0.067451
0.671112 0.018973 0.067463
0.672224 0.018980 0.067476
0.673335 0.018986 0.067489
0.674445 0.018993 0.067502
0.675555 0.019000 0.067517
0.676663 0.019007 0.067531
0.677770 0.019014 0.067545
0.678877 0.019022 0.067559
0.679982 0.019030 0.067574
0.681086 0.019038 0.067588
0.682190 0.019045 0.067602
0.683292 0.019053 0.067616
0.684393 0.019061 0.067629
0.685494 0.019069 0.067643
0.686593 0.019076 0.067656
0.687691 0.019084 0.067669
0.688788 0.019092 0.067682
0.689884 0.019100 0.067694
0.690979 0.019107 0.067706
0.692073 0.019115 0.067718
0.693166 0.019123 0.067730
0.694258 0.019131 0.067741
0.695348 0.019139 0.067753
0.696438 0.019147 0.067766
0.697526 0.019155 0.067778
0.698614 0.019163 0.067791
0.699700 0.019172 0.067805
0.700785 0.019180 0.067819
0.701869 0.019189 0.067833
0.702952 0.019198 0.067847
0.704034 0.019206 0.067861
0.705115 0.019215 0.067876
0.706194 0.019224 0.067891
0.707273 0.019233 0.067906
0.708350 0.019242 0.067920
0.709426 0.019251 0.067934
0.710501 0.019261 0.067949
0.711574 0.019270 0.067963
0.712647 0.019280 0.067978
0.713718 0.019290 0.067993
0.714788 0.019300 0.068009
0.715857 0.019310 0.068024
0.716925 0.019320 0.068039
0.717992 0.019330 0.068055
0.719057 0.019340 0.068071
0.720121 0.019350 0.068086
0.721184 0.019360 0.068103
0.722245 0.019371 0.068120
0.723306 0.019381 0.068137
0.724365 0.019391 0.068156
0.725423 0.019401 0.068174
0.726479 0.019411 0.068193
0.727535 0.019421 0.068211
0.728589 0.019431 0.068230
0.729641 0.019441 0.068248
0.730693 0.019450 0.068265
0.731743 0.019460 0.068283
0.732792 0.019470 0.068300
0.733840 0.019480 0.068317
0.734886 0.019490 0.068334
0.735931 0.019500 0.068351
0.736975 0.019511 0.068368
0.738017 0.019521 0.068385
0.739058 0.019531 0.068402
0.740098 0.019541 0.068419
0.741136 0.019551 0.068436
0.742173 0.019562 0.068453
0.743209 0.019572 0.068471
0.744243 0.019583 0.068489
0.745276 0.019593 0.068507
0.746307 0.019604 0.068526
0.747337 0.019615 0.068545
0.748366 0.019626 0.068564
0.749394 0.019637 0.068583
0.750420 0.019649 0.068602
0.751444 0.019660 0.068620
0.752467 0.019671 0.068639
0.753489 0.019683 0.068657
0.754510 0.019694 0.068676
0.755529 0.019705 0.068696
0.756546 0.019717 0.068716
0.757562 0.019728 0.068735
0.758577 0.019740 0.068755
0.759590 0.019751 0.068775
0.760602 0.019763 0.068795
0.761612 0.019774 0.068815
0.762621 0.019786 0.068835
0.763628 0.019797 0.068856
0.764634 0.019809 0.068876
0.765639 0.019821 0.068896
0.766642 0.019832 0.068916
0.767643 0.019844 0.068936
0.768643 0.019856 0.068956
0.769641 0.019868 0.068976
0.770638 0.019880 0.068996
0.771634 0.019892 0.069017
0.772628 0.019905 0.069037
0.773620 0.019917 0.069057
0.774611 0.019929 0.069078
0.775600 0.019941 0.069098
0.776588 0.019953 0.069119
0.777574 0.019966 0.069140
0.778559 0.019978 0.069161
0.779542 0.019990 0.069183
0.780524 0.020003 0.069205
0.781504 0.020016 0.069227
0.782482 0.020028 0.069249
0.783459 0.020041 0.069271
0.784434 0.020054 0.069293
0.785408 0.020066 0.069315
0.786380 0.020079 0.069337
0.787350 0.020092 0.069358
0.788319 0.020104 0.069380
0.789287 0.020117 0.069401
0.790252 0.020130 0.069422
0.791216 0.020143 0.069444
0.792179 0.020156 0.069465
0.793139 0.020169 0.069486
0.794099 0.020182 0.069508
0.795056 0.020196 0.069530
0.796012 0.020210 0.069551
0.796966 0.020224 0.069573
0.797919 0.020239 0.069594
0.798869 0.020253 0.069616
0.799819 0.020268 0.069637
0.800766 0.020283 0.069658
0.801712 0.020298 0.069680
0.802656 0.020314 0.069701
0.803599 0.020329 0.069723
0.804539 0.020345 0.069745
0.805478 0.020360 0.069768
0.806416 0.020376 0.069790
0.807351 0.020392 0.069813
0.808285 0.020407 0.069836
0.809217 0.020423 0.069860
0.810148 0.020439 0.069883
0.811077 0.020456 0.069907
0.812004 0.020472 0.069931
0.812929 0.020489 0.069954
0.813852 0.020506 0.069978
0.814774 0.020523 0.070002
0.815694 0.020540 0.070026
0.816612 0.020557 0.070050
0.817529 0.020575 0.070074
0.818444 0.020592 0.070098
0.819356 0.020609 0.070121
0.820268 0.020627 0.070145
0.821177 0.020644 0.070168
0.822084 0.020662 0.070191
0.822990 0.020679 0.070214
0.823894 0.020697 0.070237
0.824796 0.020715 0.070261
0.825697 0.020732 0.070285
0.826595 0.020750 0.070310
0.827492 0.020768 0.070335
0.828387 0.020786 0.070360
0.829280 0.020804 0.070385
0.830171 0.020823 0.070410
0.831060 0.020841 0.070435
0.831947 0.020859 0.070461
0.832833 0.020877 0.070486
0.833717 0.020895 0.070512
0.834599 0.020913 0.070538
0.835479 0.020931 0.070564
0.836357 0.020949 0.070590
0.837233 0.020967 0.070616
0.838107 0.020985 0.070642
0.838980 0.021003 0.070668
0.839851 0.021020 0.070694
0.840719 0.021038 0.070720
0.841586 0.021057 0.070747
0.842451 0.021075 0.070773
0.843314 0.021093 0.070799
0.844175 0.021112 0.070826
0.845034 0.021130 0.070852
0.845891 0.021149 0.070879
0.846747 0.021168 0.070906
0.847600 0.021188 0.070933
0.848451 0.021207 0.070960
0.849301 0.021227 0.070987
0.850148 0.021247 0.071014
0.850994 0.021267 0.071041
0.851837 0.021287 0.071069
0.852679 0.021307 0.071096
0.853518 0.021328 0.071124
0.854356 0.021348 0.071153
0.855192 0.021368 0.071181
0.856025 0.021389 0.071209
0.856857 0.021409 0.071238
0.857687 0.021429 0.071267
0.858515 0.021450 0.071295
0.859340 0.021470 0.071324
0.860164 0.021490 0.071352
0.860986 0.021511 0.071381
0.861805 0.021531 0.071410
0.862623 0.021552 0.071440
0.863439 0.021572 0.071469
0.864252 0.021593 0.071498
0.865064 0.021613 0.071527
0.865873 0.021634 0.071556
0.866681 0.021655 0.071586
0.867486 0.021676 0.071615
0.868290 0.021697 0.071644
0.869091 0.021718 0.071674
0.869890 0.021739 0.071703
0.870687 0.021761 0.071732
0.871482 0.021782 0.071761
0.872275 0.021804 0.071790
0.873066 0.021825 0.071819
0.873855 0.021847 0.071848
0.874642 0.021870 0.071878
0.875427 0.021892 0.071907
0.876209 0.021915 0.071938
0.876990 0.021938 0.071968
0.877768 0.021961 0.071999
0.878544 0.021985 0.072029
0.879319 0.022008 0.072060
0.880091 0.022032 0.072091
0.880860 0.022055 0.072122
0.881628 0.022079 0.072153
0.882394 0.022103 0.072183
0.883157 0.022127 0.072214
0.883919 0.022151 0.072245
0.884678 0.022175 0.072275
0.885435 0.022199 0.072306
0.886190 0.022223 0.072337
0.886943 0.022247 0.072368
0.887693 0.022272 0.072400
0.888442 0.022296 0.072431
0.889188 0.022321 0.072464
0.889932 0.022346 0.072496
0.890674 0.022371 0.072529
0.891414 0.022396 0.072562
0.892151 0.022421 0.072596
0.892887 0.022447 0.072630
0.893620 0.022473 0.072663
0.894351 0.022498 0.072697
0.895079 0.022524 0.072731
0.895806 0.022550 0.072765
0.896530 0.022577 0.072799
0.897252 0.022603 0.072833
0.897972 0.022630 0.072867
0.898690 0.022656 0.072901
0.899405 0.022683 0.072935
0.900119 0.022710 0.072968
0.900830 0.022737 0.073002
0.901538 0.022764 0.073035
0.902245 0.022791 0.073068
0.902949 0.022818 0.073101
0.903651 0.022845 0.073135
0.904351 0.022872 0.073168
0.905048 0.022899 0.073202
0.905744 0.022926 0.073235
0.906436 0.022953 0.073269
0.907127 0.022980 0.073303
0.907816 0.023008 0.073338
0.908502 0.023035 0.073372
0.909186 0.023063 0.073407
0.909867 0.023090 0.073441
0.910546 0.023118 0.073476
0.911223 0.023146 0.073512
0.911898 0.023175 0.073547
0.912570 0.023203 0.073583
0.913240 0.023232 0.073618
0.913908 0.023260 0.073654
0.914574 0.023289 0.073691
0.915237 0.023318 0.073727
0.915898 0.023348 0.073763
0.916556 0.023377 0.073800
0.917212 0.023407 0.073836
0.917866 0.023437 0.073873
0.918517 0.023467 0.073910
0.919167 0.023497 0.073946
0.919813 0.023528 0.073983
0.920458 0.023558 0.074020
0.921100 0.023589 0.074057
0.921740 0.023620 0.074094
0.922377 0.023651 0.074131
0.923012 0.023682 0.074168
0.923645 0.023713 0.074205
0.924275 0.023745 0.074242
0.924903 0.023776 0.074279
0.925529 0.023808 0.074317
0.926152 0.023841 0.074354
0.926773 0.023873 0.074391
0.927391 0.023906 0.074429
0.928007 0.023939 0.074467
0.928621 0.023972 0.074505
0.929232 0.024005 0.074543
0.929841 0.024038 0.074581
0.930447 0.024072 0.074620
0.931051 0.024106 0.074658
0.931653 0.024140 0.074697
0.932252 0.024174 0.074736
0.932849 0.024208 0.074775
0.933443 0.024242 0.074814
0.934035 0.024277 0.074854
0.934625 0.024311 0.074893
0.935212 0.024346 0.074933
0.935797 0.024381 0.074972
0.936379 0.024416 0.075012
0.936959 0.024451 0.075052
0.937536 0.024486 0.075092
0.938111 0.024521 0.075133
0.938683 0.024557 0.075174
0.939253 0.024592 0.075214
0.939821 0.024628 0.075256
0.940386 0.024663 0.075297
0.940949 0.024699 0.075338
0.941509 0.024734 0.075380
0.942067 0.024770 0.075421
0.942622 0.024806 0.075463
0.943175 0.024842 0.075505
0.943725 0.024877 0.075547
0.944273 0.024913 0.075589
0.944818 0.024949 0.075631
0.945361 0.024985 0.075674
0.945901 0.025021 0.075716
0.946439 0.025057 0.075758
0.946974 0.025093 0.075801
0.947507 0.025129 0.075843
0.948038 0.025165 0.075886
0.948566 0.025201 0.075928
0.949091 0.025237 0.075971
0.949614 0.025274 0.076014
0.950134 0.025310 0.076056
0.950652 0.025346 0.076099
0.951167 0.025383 0.076142
0.951680 0.025420 0.076186
0.952190 0.025456 0.076229
0.952698 0.025493 0.076272
0.953203 0.025530 0.076316
0.953706 0.025567 0.076360
0.954206 0.025604 0.076404
0.954704 0.025641 0.076448
0.955199 0.025678 0.076492
0.955691 0.025715 0.076537
0.956181 0.025752 0.076581
0.956669 0.025789 0.076626
0.957153 0.025827 0.076672
0.957636 0.025864 0.076717
0.958116 0.025901 0.076762
0.958593 0.025938 0.076808
0.959067 0.025976 0.076853
0.959539 0.026013 0.076899
0.960009 0.026050 0.076945
0.960476 0.026087 0.076990
0.960940 0.026125 0.077036
0.961402 0.026162 0.077082
0.961861 0.026199 0.077128
0.962318 0.026236 0.077175
0.962772 0.026273 0.077221
0.963223 0.026310 0.077268
0.963672 0.026347 0.077314
0.964118 0.026384 0.077361
0.964562 0.026421 0.077408
0.965003 0.026457 0.077455
0.965442 0.026494 0.077503
0.965878 0.026530 0.077550
0.966311 0.026566 0.077597
0.966742 0.026602 0.077645
0.967170 0.026638 0.077693
0.967595 0.026673 0.077741
0.968018 0.026709 0.077789
0.968438 0.026744 0.077837
0.968856 0.026779 0.077886
0.969271 0.026814 0.077934
0.969683 0.026848 0.077983
0.970093 0.026883 0.078032
0.970500 0.026917 0.078081
0.970904 0.026951 0.078131
0.971306 0.026985 0.078180
0.971705 0.027019 0.078230
0.972102 0.027052 0.078280
0.972496 0.027085 0.078330
0.972887 0.027118 0.078380
0.973276 0.027150 0.078430
0.973662 0.027182 0.078481
0.974045 0.027214 0.078531
0.974426 0.027245 0.078582
0.974804 0.027276 0.078634
0.975180 0.027306 0.078685
0.975552 0.027336 0.078737
0.975922 0.027365 0.078789
0.976290 0.027394 0.078841
0.976655 0.027422 0.078893
0.977017 0.027449 0.078946
0.977376 0.027476 0.078999
0.977733 0.027502 0.079052
0.978087 0.027527 0.079105
0.978439 0.027552 0.079159
0.978787 0.027575 0.079213
0.979134 0.027598 0.079267
0.979477 0.027620 0.079321
0.979818 0.027641 0.079376
0.980156 0.027662 0.079431
0.980491 0.027681 0.079487
0.980824 0.027699 0.079542
0.981154 0.027717 0.079598
0.981481 0.027733 0.079655
0.981806 0.027749 0.079711
0.982128 0.027763 0.079768
0.982447 0.027776 0.079826
0.982764 0.027788 0.079883
0.983077 0.027799 0.079941
0.983389 0.027808 0.080000
0.983697 0.027816 0.080058
0.984003 0.027824 0.080118
0.984306 0.027829 0.080177
0.984606 0.027834 0.080237
0.984904 0.027837 0.080297
0.985199 0.027839 0.080358
0.985491 0.027839 0.080419
0.985780 0.027838 0.080481
0.986067 0.027836 0.080544
0.986351 0.027832 0.080606
0.986633 0.027827 0.080670
0.986911 0.027820 0.080734
0.987187 0.027812 0.080798
0.987460 0.027802 0.080864
0.987731 0.027791 0.080929
0.987998 0.027778 0.080996
0.988263 0.027764 0.081063
0.988526 0.027748 0.081130
0.988785 0.027730 0.081198
0.989042 0.027711 0.081267
0.989296 0.027690 0.081337
0.989548 0.027667 0.081407
0.989796 0.027642 0.081478
0.990042 0.027615 0.081549
0.990285 0.027587 0.081621
0.990526 0.027556 0.081694
0.990763 0.027523 0.081768
0.990998 0.027487 0.081842
0.991230 0.027449 0.081916
0.991460 0.027408 0.081991
0.991686 0.027364 0.082067
0.991910 0.027316 0.082143
0.992132 0.027265 0.082220
0.992350 0.027210 0.082296
0.992566 0.027150 0.082373
0.992779 0.027086 0.082449
0.992989 0.027016 0.082525
0.993196 0.026939 0.082600
0.993401 0.026856 0.082674
0.993603 0.026765 0.082747
0.993802 0.026665 0.082818
0.993998 0.026556 0.082886
0.994192 0.026436 0.082953
0.994383 0.026304 0.083017
0.994571 0.026159 0.083079
0.994756 0.026000 0.083139
0.994939 0.025824 0.083198
0.995119 0.025631 0.083258
0.995296 0.025419 0.083321
0.995470 0.025185 0.083389
0.995641 0.024930 0.083468
0.995810 0.024649 0.083561
0.995976 0.024343 0.083674
0.996139 0.024009 0.083814
0.996300 0.023646 0.083988
0.996457 0.023252 0.084204
0.996612 0.022825 0.084468
0.996764 0.022365 0.084786
0.996914 0.021871 0.085162
0.997060 0.021342 0.085598
0.997204 0.020777 0.086091
0.997345 0.020177 0.086636
0.997483 0.019542 0.087219
0.997619 0.018873 0.087823
0.997751 0.018171 0.088422
0.997881 0.017437 0.088986
0.998008 0.016674 0.089477
0.998133 0.015885 0.089852
0.998254 0.015071 0.090061
0.998373 0.014237 0.090052
0.998489 0.013385 0.089769
0.998602 0.012520 0.089154
0.998712 0.011645 0.088148
0.998820 0.010765 0.086692
0.998925 0.009882 0.084729
0.999027 0.009002 0.082204
0.999126 0.008127 0.079065
0.999223 0.007262 0.075262
0.999316 0.006410 0.070751
0.999407 0.005573 0.065493
0.999495 0.004755 0.059454
0.999580 0.003957 0.052606
0.999663 0.003182 0.044933
0.999743 0.002431 0.036423
0.999820 0.001705 0.027080
0.999894 0.001005 0.016918
0.999965 0.000330 0.005968
